%YAML:1.0
---
rotation: !!opencv-matrix
   rows: 3
   cols: 3
   dt: d
   data: [ 9.9744438332300778e-01, -5.0655176783193243e-02,
       -5.0386061985912819e-02, 6.5517585850264362e-02,
       9.2977726073836975e-01, 3.6224534691035987e-01,
       2.8498212606022293e-02, -3.6462075980245173e-01,
       9.3071991135859178e-01 ]
translation: !!opencv-matrix
   rows: 3
   cols: 1
   dt: d
   data: [ -9.9366772144141677e+00, -3.9818921814826558e+00,
       4.1264748742799915e+00 ]
essential: !!opencv-matrix
   rows: 3
   cols: 3
   dt: d
   data: [ -3.8383348179674881e-01, -2.3848219524501113e+00,
       -5.2008226605394459e+00, 4.3991067261278847e+00,
       -3.8321461100794614e+00, 9.0403465173997084e+00,
       3.3206888889559281e+00, -9.4405999736439981e+00,
       -3.8001469509491352e+00 ]
fundamental: !!opencv-matrix
   rows: 3
   cols: 3
   dt: d
   data: [ 9.9054985901631415e-05, 6.1544528052124669e-04,
       1.3421638281920815e-03, -1.1301483878507217e-03,
       9.8449390249888110e-04, -2.3225017437219948e-03,
       -4.2200845529979447e-01, 1.5184251658428012e+00,
       9.9999999999999989e-01 ]
