%YAML:1.0
---
cameraMatrix: !!opencv-matrix
   rows: 3
   cols: 3
   dt: d
   data: [ 1.0766161840601901e+03, 0., 9.5257900915837911e+02, 0.,
       1.0814922647497494e+03, 5.2645178468097208e+02, 0., 0., 1. ]
distortionCoefficients: !!opencv-matrix
   rows: 1
   cols: 5
   dt: d
   data: [ 4.2151057114900622e-02, 1.1420583439861826e-02,
       -2.1237114042196971e-03, -6.6773965331156189e-03,
       -6.1751225647724152e-02 ]
rotation: !!opencv-matrix
   rows: 3
   cols: 3
   dt: d
   data: [ 1., 0., 0., 0., 1., 0., 0., 0., 1. ]
projection: !!opencv-matrix
   rows: 4
   cols: 4
   dt: d
   data: [ 1.0766161840601901e+03, 0., 9.5257900915837911e+02, 0., 0.,
       1.0814922647497494e+03, 5.2645178468097208e+02, 0., 0., 0., 1.,
       0., 0., 0., 0., 1. ]
