%YAML:1.0
---
depthShift: -7.7596807611760257e+00
