%YAML:1.0
---
cameraMatrix: !!opencv-matrix
   rows: 3
   cols: 3
   dt: d
   data: [ 3.6850450007306546e+02, 0., 2.5480053930999443e+02, 0.,
       3.6947467829551613e+02, 2.0895933158142995e+02, 0., 0., 1. ]
distortionCoefficients: !!opencv-matrix
   rows: 1
   cols: 5
   dt: d
   data: [ 9.3733863196987122e-02, -2.4981522513133608e-01,
       -2.1618712168426516e-03, -3.0125473990127516e-03,
       5.9686674852763279e-02 ]
rotation: !!opencv-matrix
   rows: 3
   cols: 3
   dt: d
   data: [ 1., 0., 0., 0., 1., 0., 0., 0., 1. ]
projection: !!opencv-matrix
   rows: 4
   cols: 4
   dt: d
   data: [ 3.6850450007306546e+02, 0., 2.5480053930999443e+02, 0., 0.,
       3.6947467829551613e+02, 2.0895933158142995e+02, 0., 0., 0., 1.,
       0., 0., 0., 0., 1. ]
