%YAML:1.0
---
cameraMatrix: !!opencv-matrix
   rows: 3
   cols: 3
   dt: d
   data: [ 1.0716204506885392e+03, 0., 9.5824554376830929e+02, 0.,
       1.0749753870080378e+03, 5.1725095486674309e+02, 0., 0., 1. ]
distortionCoefficients: !!opencv-matrix
   rows: 1
   cols: 5
   dt: d
   data: [ 5.9604502352719795e-02, -5.4754820206057625e-02,
       -4.6290938330689315e-03, -2.7024121281842067e-03,
       4.5823666542805994e-03 ]
rotation: !!opencv-matrix
   rows: 3
   cols: 3
   dt: d
   data: [ 1., 0., 0., 0., 1., 0., 0., 0., 1. ]
projection: !!opencv-matrix
   rows: 4
   cols: 4
   dt: d
   data: [ 1.0716204506885392e+03, 0., 9.5824554376830929e+02, 0., 0.,
       1.0749753870080378e+03, 5.1725095486674309e+02, 0., 0., 0., 1.,
       0., 0., 0., 0., 1. ]
