%YAML:1.0
---
cameraMatrix: !!opencv-matrix
   rows: 3
   cols: 3
   dt: d
   data: [ 3.7167928431625768e+02, 0., 2.5702957691737942e+02, 0.,
       3.7220739440134622e+02, 2.0931639056117737e+02, 0., 0., 1. ]
distortionCoefficients: !!opencv-matrix
   rows: 1
   cols: 5
   dt: d
   data: [ 1.2012132692495775e-01, -3.1293944300490645e-01,
       -2.1856961876444776e-03, 2.4054802345202433e-04,
       1.1270218055055800e-01 ]
rotation: !!opencv-matrix
   rows: 3
   cols: 3
   dt: d
   data: [ 1., 0., 0., 0., 1., 0., 0., 0., 1. ]
projection: !!opencv-matrix
   rows: 4
   cols: 4
   dt: d
   data: [ 3.7167928431625768e+02, 0., 2.5702957691737942e+02, 0., 0.,
       3.7220739440134622e+02, 2.0931639056117737e+02, 0., 0., 0., 1.,
       0., 0., 0., 0., 1. ]
