%YAML:1.0
---
depthShift: -1.7016082523149241e+00
