%YAML:1.0
---
rotation: !!opencv-matrix
   rows: 3
   cols: 3
   dt: d
   data: [ 9.9997768750716143e-01, -2.0013475428570160e-03,
       6.3733112149497850e-03, 1.9501517190246894e-03,
       9.9996586582083857e-01, 8.0289539451670732e-03,
       -6.3891623944527798e-03, -8.0163458753679685e-03,
       9.9994745702096965e-01 ]
translation: !!opencv-matrix
   rows: 3
   cols: 1
   dt: d
   data: [ -5.1296056476401987e-02, -4.5358680782931556e-04,
       -4.6948114931826034e-03 ]
essential: !!opencv-matrix
   rows: 3
   cols: 3
   dt: d
   data: [ 1.2053634479129866e-05, 4.6982873483820296e-03,
       -4.1586854976717917e-04, -5.0224455752575364e-03,
       -4.0181098131118954e-04, 5.1263439734040635e-02,
       3.5354159446027129e-04, -5.1295213312463270e-02,
       -4.0896282512842887e-04 ]
fundamental: !!opencv-matrix
   rows: 3
   cols: 3
   dt: d
   data: [ 6.7422779776879422e-09, 2.6242884609389441e-06,
       -6.3749912316881556e-04, -2.8005694582144686e-06,
       -2.2373620642742375e-07, 1.1391129229745013e-02,
       1.6540555905384664e-03, -3.3102622406879174e-02, 1. ]
